0 150 300 450 600 150 300 450 600 750 300 450 600 750 900 450 600 750 900 1050 600 750 900 1050 1200 
150 0 150 300 450 300 150 300 450 600 450 300 450 600 750 600 450 600 750 900 750 600 750 900 1050 
300 150 0 150 300 450 300 150 300 450 600 450 300 450 600 750 600 450 600 750 900 750 600 750 900 
450 300 150 0 150 600 450 300 150 300 750 600 450 300 450 900 750 600 450 600 1050 900 750 600 750 
600 450 300 150 0 750 600 450 300 150 900 750 600 450 300 1050 900 750 600 450 1200 1050 900 750 600 
150 300 450 600 750 0 150 300 450 600 150 300 450 600 750 300 450 600 750 900 450 600 750 900 1050 
300 150 300 450 600 150 0 150 300 450 300 150 300 450 600 450 300 450 600 750 600 450 600 750 900 
450 300 150 300 450 300 150 0 150 300 450 300 150 300 450 600 450 300 450 600 750 600 450 600 750 
600 450 300 150 300 450 300 150 0 150 600 450 300 150 300 750 600 450 300 450 900 750 600 450 600 
750 600 450 300 150 600 450 300 150 0 750 600 450 300 150 900 750 600 450 300 1050 900 750 600 450 
300 450 600 750 900 150 300 450 600 750 0 150 300 450 600 150 300 450 600 750 300 450 600 750 900 
450 300 450 600 750 300 150 300 450 600 150 0 150 300 450 300 150 300 450 600 450 300 450 600 750 
600 450 300 450 600 450 300 150 300 450 300 150 0 150 300 450 300 150 300 450 600 450 300 450 600 
750 600 450 300 450 600 450 300 150 300 450 300 150 0 150 600 450 300 150 300 750 600 450 300 450 
900 750 600 450 300 750 600 450 300 150 600 450 300 150 0 750 600 450 300 150 900 750 600 450 300 
450 600 750 900 1050 300 450 600 750 900 150 300 450 600 750 0 150 300 450 600 150 300 450 600 750 
600 450 600 750 900 450 300 450 600 750 300 150 300 450 600 150 0 150 300 450 300 150 300 450 600 
750 600 450 600 750 600 450 300 450 600 450 300 150 300 450 300 150 0 150 300 450 300 150 300 450 
900 750 600 450 600 750 600 450 300 450 600 450 300 150 300 450 300 150 0 150 600 450 300 150 300 
1050 900 750 600 450 900 750 600 450 300 750 600 450 300 150 600 450 300 150 0 750 600 450 300 150 
600 750 900 1050 1200 450 600 750 900 1050 300 450 600 750 900 150 300 450 600 750 0 150 300 450 600 
750 600 750 900 1050 600 450 600 750 900 450 300 450 600 750 300 150 300 450 600 150 0 150 300 450 
900 750 600 750 900 750 600 450 600 750 600 450 300 450 600 450 300 150 300 450 300 150 0 150 300 
1050 900 750 600 750 900 750 600 450 600 750 600 450 300 450 600 450 300 150 300 450 300 150 0 150 
1200 1050 900 750 600 1050 900 750 600 450 900 750 600 450 300 750 600 450 300 150 600 450 300 150 0 
