0 75 150 225 300 375 450 525 600 75 150 225 300 375 450 525 600 675 150 225 300 375 450 525 600 675 750 225 300 375 450 525 600 675 750 825 300 375 450 525 600 675 750 825 900 375 450 525 600 675 750 825 900 975 450 525 600 675 750 825 900 975 1050 525 600 675 750 825 900 975 1050 1125 600 675 750 825 900 975 1050 1125 1200 
75 0 75 150 225 300 375 450 525 150 75 150 225 300 375 450 525 600 225 150 225 300 375 450 525 600 675 300 225 300 375 450 525 600 675 750 375 300 375 450 525 600 675 750 825 450 375 450 525 600 675 750 825 900 525 450 525 600 675 750 825 900 975 600 525 600 675 750 825 900 975 1050 675 600 675 750 825 900 975 1050 1125 
150 75 0 75 150 225 300 375 450 225 150 75 150 225 300 375 450 525 300 225 150 225 300 375 450 525 600 375 300 225 300 375 450 525 600 675 450 375 300 375 450 525 600 675 750 525 450 375 450 525 600 675 750 825 600 525 450 525 600 675 750 825 900 675 600 525 600 675 750 825 900 975 750 675 600 675 750 825 900 975 1050 
225 150 75 0 75 150 225 300 375 300 225 150 75 150 225 300 375 450 375 300 225 150 225 300 375 450 525 450 375 300 225 300 375 450 525 600 525 450 375 300 375 450 525 600 675 600 525 450 375 450 525 600 675 750 675 600 525 450 525 600 675 750 825 750 675 600 525 600 675 750 825 900 825 750 675 600 675 750 825 900 975 
300 225 150 75 0 75 150 225 300 375 300 225 150 75 150 225 300 375 450 375 300 225 150 225 300 375 450 525 450 375 300 225 300 375 450 525 600 525 450 375 300 375 450 525 600 675 600 525 450 375 450 525 600 675 750 675 600 525 450 525 600 675 750 825 750 675 600 525 600 675 750 825 900 825 750 675 600 675 750 825 900 
375 300 225 150 75 0 75 150 225 450 375 300 225 150 75 150 225 300 525 450 375 300 225 150 225 300 375 600 525 450 375 300 225 300 375 450 675 600 525 450 375 300 375 450 525 750 675 600 525 450 375 450 525 600 825 750 675 600 525 450 525 600 675 900 825 750 675 600 525 600 675 750 975 900 825 750 675 600 675 750 825 
450 375 300 225 150 75 0 75 150 525 450 375 300 225 150 75 150 225 600 525 450 375 300 225 150 225 300 675 600 525 450 375 300 225 300 375 750 675 600 525 450 375 300 375 450 825 750 675 600 525 450 375 450 525 900 825 750 675 600 525 450 525 600 975 900 825 750 675 600 525 600 675 1050 975 900 825 750 675 600 675 750 
525 450 375 300 225 150 75 0 75 600 525 450 375 300 225 150 75 150 675 600 525 450 375 300 225 150 225 750 675 600 525 450 375 300 225 300 825 750 675 600 525 450 375 300 375 900 825 750 675 600 525 450 375 450 975 900 825 750 675 600 525 450 525 1050 975 900 825 750 675 600 525 600 1125 1050 975 900 825 750 675 600 675 
600 525 450 375 300 225 150 75 0 675 600 525 450 375 300 225 150 75 750 675 600 525 450 375 300 225 150 825 750 675 600 525 450 375 300 225 900 825 750 675 600 525 450 375 300 975 900 825 750 675 600 525 450 375 1050 975 900 825 750 675 600 525 450 1125 1050 975 900 825 750 675 600 525 1200 1125 1050 975 900 825 750 675 600 
75 150 225 300 375 450 525 600 675 0 75 150 225 300 375 450 525 600 75 150 225 300 375 450 525 600 675 150 225 300 375 450 525 600 675 750 225 300 375 450 525 600 675 750 825 300 375 450 525 600 675 750 825 900 375 450 525 600 675 750 825 900 975 450 525 600 675 750 825 900 975 1050 525 600 675 750 825 900 975 1050 1125 
150 75 150 225 300 375 450 525 600 75 0 75 150 225 300 375 450 525 150 75 150 225 300 375 450 525 600 225 150 225 300 375 450 525 600 675 300 225 300 375 450 525 600 675 750 375 300 375 450 525 600 675 750 825 450 375 450 525 600 675 750 825 900 525 450 525 600 675 750 825 900 975 600 525 600 675 750 825 900 975 1050 
225 150 75 150 225 300 375 450 525 150 75 0 75 150 225 300 375 450 225 150 75 150 225 300 375 450 525 300 225 150 225 300 375 450 525 600 375 300 225 300 375 450 525 600 675 450 375 300 375 450 525 600 675 750 525 450 375 450 525 600 675 750 825 600 525 450 525 600 675 750 825 900 675 600 525 600 675 750 825 900 975 
300 225 150 75 150 225 300 375 450 225 150 75 0 75 150 225 300 375 300 225 150 75 150 225 300 375 450 375 300 225 150 225 300 375 450 525 450 375 300 225 300 375 450 525 600 525 450 375 300 375 450 525 600 675 600 525 450 375 450 525 600 675 750 675 600 525 450 525 600 675 750 825 750 675 600 525 600 675 750 825 900 
375 300 225 150 75 150 225 300 375 300 225 150 75 0 75 150 225 300 375 300 225 150 75 150 225 300 375 450 375 300 225 150 225 300 375 450 525 450 375 300 225 300 375 450 525 600 525 450 375 300 375 450 525 600 675 600 525 450 375 450 525 600 675 750 675 600 525 450 525 600 675 750 825 750 675 600 525 600 675 750 825 
450 375 300 225 150 75 150 225 300 375 300 225 150 75 0 75 150 225 450 375 300 225 150 75 150 225 300 525 450 375 300 225 150 225 300 375 600 525 450 375 300 225 300 375 450 675 600 525 450 375 300 375 450 525 750 675 600 525 450 375 450 525 600 825 750 675 600 525 450 525 600 675 900 825 750 675 600 525 600 675 750 
525 450 375 300 225 150 75 150 225 450 375 300 225 150 75 0 75 150 525 450 375 300 225 150 75 150 225 600 525 450 375 300 225 150 225 300 675 600 525 450 375 300 225 300 375 750 675 600 525 450 375 300 375 450 825 750 675 600 525 450 375 450 525 900 825 750 675 600 525 450 525 600 975 900 825 750 675 600 525 600 675 
600 525 450 375 300 225 150 75 150 525 450 375 300 225 150 75 0 75 600 525 450 375 300 225 150 75 150 675 600 525 450 375 300 225 150 225 750 675 600 525 450 375 300 225 300 825 750 675 600 525 450 375 300 375 900 825 750 675 600 525 450 375 450 975 900 825 750 675 600 525 450 525 1050 975 900 825 750 675 600 525 600 
675 600 525 450 375 300 225 150 75 600 525 450 375 300 225 150 75 0 675 600 525 450 375 300 225 150 75 750 675 600 525 450 375 300 225 150 825 750 675 600 525 450 375 300 225 900 825 750 675 600 525 450 375 300 975 900 825 750 675 600 525 450 375 1050 975 900 825 750 675 600 525 450 1125 1050 975 900 825 750 675 600 525 
150 225 300 375 450 525 600 675 750 75 150 225 300 375 450 525 600 675 0 75 150 225 300 375 450 525 600 75 150 225 300 375 450 525 600 675 150 225 300 375 450 525 600 675 750 225 300 375 450 525 600 675 750 825 300 375 450 525 600 675 750 825 900 375 450 525 600 675 750 825 900 975 450 525 600 675 750 825 900 975 1050 
225 150 225 300 375 450 525 600 675 150 75 150 225 300 375 450 525 600 75 0 75 150 225 300 375 450 525 150 75 150 225 300 375 450 525 600 225 150 225 300 375 450 525 600 675 300 225 300 375 450 525 600 675 750 375 300 375 450 525 600 675 750 825 450 375 450 525 600 675 750 825 900 525 450 525 600 675 750 825 900 975 
300 225 150 225 300 375 450 525 600 225 150 75 150 225 300 375 450 525 150 75 0 75 150 225 300 375 450 225 150 75 150 225 300 375 450 525 300 225 150 225 300 375 450 525 600 375 300 225 300 375 450 525 600 675 450 375 300 375 450 525 600 675 750 525 450 375 450 525 600 675 750 825 600 525 450 525 600 675 750 825 900 
375 300 225 150 225 300 375 450 525 300 225 150 75 150 225 300 375 450 225 150 75 0 75 150 225 300 375 300 225 150 75 150 225 300 375 450 375 300 225 150 225 300 375 450 525 450 375 300 225 300 375 450 525 600 525 450 375 300 375 450 525 600 675 600 525 450 375 450 525 600 675 750 675 600 525 450 525 600 675 750 825 
450 375 300 225 150 225 300 375 450 375 300 225 150 75 150 225 300 375 300 225 150 75 0 75 150 225 300 375 300 225 150 75 150 225 300 375 450 375 300 225 150 225 300 375 450 525 450 375 300 225 300 375 450 525 600 525 450 375 300 375 450 525 600 675 600 525 450 375 450 525 600 675 750 675 600 525 450 525 600 675 750 
525 450 375 300 225 150 225 300 375 450 375 300 225 150 75 150 225 300 375 300 225 150 75 0 75 150 225 450 375 300 225 150 75 150 225 300 525 450 375 300 225 150 225 300 375 600 525 450 375 300 225 300 375 450 675 600 525 450 375 300 375 450 525 750 675 600 525 450 375 450 525 600 825 750 675 600 525 450 525 600 675 
600 525 450 375 300 225 150 225 300 525 450 375 300 225 150 75 150 225 450 375 300 225 150 75 0 75 150 525 450 375 300 225 150 75 150 225 600 525 450 375 300 225 150 225 300 675 600 525 450 375 300 225 300 375 750 675 600 525 450 375 300 375 450 825 750 675 600 525 450 375 450 525 900 825 750 675 600 525 450 525 600 
675 600 525 450 375 300 225 150 225 600 525 450 375 300 225 150 75 150 525 450 375 300 225 150 75 0 75 600 525 450 375 300 225 150 75 150 675 600 525 450 375 300 225 150 225 750 675 600 525 450 375 300 225 300 825 750 675 600 525 450 375 300 375 900 825 750 675 600 525 450 375 450 975 900 825 750 675 600 525 450 525 
750 675 600 525 450 375 300 225 150 675 600 525 450 375 300 225 150 75 600 525 450 375 300 225 150 75 0 675 600 525 450 375 300 225 150 75 750 675 600 525 450 375 300 225 150 825 750 675 600 525 450 375 300 225 900 825 750 675 600 525 450 375 300 975 900 825 750 675 600 525 450 375 1050 975 900 825 750 675 600 525 450 
225 300 375 450 525 600 675 750 825 150 225 300 375 450 525 600 675 750 75 150 225 300 375 450 525 600 675 0 75 150 225 300 375 450 525 600 75 150 225 300 375 450 525 600 675 150 225 300 375 450 525 600 675 750 225 300 375 450 525 600 675 750 825 300 375 450 525 600 675 750 825 900 375 450 525 600 675 750 825 900 975 
300 225 300 375 450 525 600 675 750 225 150 225 300 375 450 525 600 675 150 75 150 225 300 375 450 525 600 75 0 75 150 225 300 375 450 525 150 75 150 225 300 375 450 525 600 225 150 225 300 375 450 525 600 675 300 225 300 375 450 525 600 675 750 375 300 375 450 525 600 675 750 825 450 375 450 525 600 675 750 825 900 
375 300 225 300 375 450 525 600 675 300 225 150 225 300 375 450 525 600 225 150 75 150 225 300 375 450 525 150 75 0 75 150 225 300 375 450 225 150 75 150 225 300 375 450 525 300 225 150 225 300 375 450 525 600 375 300 225 300 375 450 525 600 675 450 375 300 375 450 525 600 675 750 525 450 375 450 525 600 675 750 825 
450 375 300 225 300 375 450 525 600 375 300 225 150 225 300 375 450 525 300 225 150 75 150 225 300 375 450 225 150 75 0 75 150 225 300 375 300 225 150 75 150 225 300 375 450 375 300 225 150 225 300 375 450 525 450 375 300 225 300 375 450 525 600 525 450 375 300 375 450 525 600 675 600 525 450 375 450 525 600 675 750 
525 450 375 300 225 300 375 450 525 450 375 300 225 150 225 300 375 450 375 300 225 150 75 150 225 300 375 300 225 150 75 0 75 150 225 300 375 300 225 150 75 150 225 300 375 450 375 300 225 150 225 300 375 450 525 450 375 300 225 300 375 450 525 600 525 450 375 300 375 450 525 600 675 600 525 450 375 450 525 600 675 
600 525 450 375 300 225 300 375 450 525 450 375 300 225 150 225 300 375 450 375 300 225 150 75 150 225 300 375 300 225 150 75 0 75 150 225 450 375 300 225 150 75 150 225 300 525 450 375 300 225 150 225 300 375 600 525 450 375 300 225 300 375 450 675 600 525 450 375 300 375 450 525 750 675 600 525 450 375 450 525 600 
675 600 525 450 375 300 225 300 375 600 525 450 375 300 225 150 225 300 525 450 375 300 225 150 75 150 225 450 375 300 225 150 75 0 75 150 525 450 375 300 225 150 75 150 225 600 525 450 375 300 225 150 225 300 675 600 525 450 375 300 225 300 375 750 675 600 525 450 375 300 375 450 825 750 675 600 525 450 375 450 525 
750 675 600 525 450 375 300 225 300 675 600 525 450 375 300 225 150 225 600 525 450 375 300 225 150 75 150 525 450 375 300 225 150 75 0 75 600 525 450 375 300 225 150 75 150 675 600 525 450 375 300 225 150 225 750 675 600 525 450 375 300 225 300 825 750 675 600 525 450 375 300 375 900 825 750 675 600 525 450 375 450 
825 750 675 600 525 450 375 300 225 750 675 600 525 450 375 300 225 150 675 600 525 450 375 300 225 150 75 600 525 450 375 300 225 150 75 0 675 600 525 450 375 300 225 150 75 750 675 600 525 450 375 300 225 150 825 750 675 600 525 450 375 300 225 900 825 750 675 600 525 450 375 300 975 900 825 750 675 600 525 450 375 
300 375 450 525 600 675 750 825 900 225 300 375 450 525 600 675 750 825 150 225 300 375 450 525 600 675 750 75 150 225 300 375 450 525 600 675 0 75 150 225 300 375 450 525 600 75 150 225 300 375 450 525 600 675 150 225 300 375 450 525 600 675 750 225 300 375 450 525 600 675 750 825 300 375 450 525 600 675 750 825 900 
375 300 375 450 525 600 675 750 825 300 225 300 375 450 525 600 675 750 225 150 225 300 375 450 525 600 675 150 75 150 225 300 375 450 525 600 75 0 75 150 225 300 375 450 525 150 75 150 225 300 375 450 525 600 225 150 225 300 375 450 525 600 675 300 225 300 375 450 525 600 675 750 375 300 375 450 525 600 675 750 825 
450 375 300 375 450 525 600 675 750 375 300 225 300 375 450 525 600 675 300 225 150 225 300 375 450 525 600 225 150 75 150 225 300 375 450 525 150 75 0 75 150 225 300 375 450 225 150 75 150 225 300 375 450 525 300 225 150 225 300 375 450 525 600 375 300 225 300 375 450 525 600 675 450 375 300 375 450 525 600 675 750 
525 450 375 300 375 450 525 600 675 450 375 300 225 300 375 450 525 600 375 300 225 150 225 300 375 450 525 300 225 150 75 150 225 300 375 450 225 150 75 0 75 150 225 300 375 300 225 150 75 150 225 300 375 450 375 300 225 150 225 300 375 450 525 450 375 300 225 300 375 450 525 600 525 450 375 300 375 450 525 600 675 
600 525 450 375 300 375 450 525 600 525 450 375 300 225 300 375 450 525 450 375 300 225 150 225 300 375 450 375 300 225 150 75 150 225 300 375 300 225 150 75 0 75 150 225 300 375 300 225 150 75 150 225 300 375 450 375 300 225 150 225 300 375 450 525 450 375 300 225 300 375 450 525 600 525 450 375 300 375 450 525 600 
675 600 525 450 375 300 375 450 525 600 525 450 375 300 225 300 375 450 525 450 375 300 225 150 225 300 375 450 375 300 225 150 75 150 225 300 375 300 225 150 75 0 75 150 225 450 375 300 225 150 75 150 225 300 525 450 375 300 225 150 225 300 375 600 525 450 375 300 225 300 375 450 675 600 525 450 375 300 375 450 525 
750 675 600 525 450 375 300 375 450 675 600 525 450 375 300 225 300 375 600 525 450 375 300 225 150 225 300 525 450 375 300 225 150 75 150 225 450 375 300 225 150 75 0 75 150 525 450 375 300 225 150 75 150 225 600 525 450 375 300 225 150 225 300 675 600 525 450 375 300 225 300 375 750 675 600 525 450 375 300 375 450 
825 750 675 600 525 450 375 300 375 750 675 600 525 450 375 300 225 300 675 600 525 450 375 300 225 150 225 600 525 450 375 300 225 150 75 150 525 450 375 300 225 150 75 0 75 600 525 450 375 300 225 150 75 150 675 600 525 450 375 300 225 150 225 750 675 600 525 450 375 300 225 300 825 750 675 600 525 450 375 300 375 
900 825 750 675 600 525 450 375 300 825 750 675 600 525 450 375 300 225 750 675 600 525 450 375 300 225 150 675 600 525 450 375 300 225 150 75 600 525 450 375 300 225 150 75 0 675 600 525 450 375 300 225 150 75 750 675 600 525 450 375 300 225 150 825 750 675 600 525 450 375 300 225 900 825 750 675 600 525 450 375 300 
375 450 525 600 675 750 825 900 975 300 375 450 525 600 675 750 825 900 225 300 375 450 525 600 675 750 825 150 225 300 375 450 525 600 675 750 75 150 225 300 375 450 525 600 675 0 75 150 225 300 375 450 525 600 75 150 225 300 375 450 525 600 675 150 225 300 375 450 525 600 675 750 225 300 375 450 525 600 675 750 825 
450 375 450 525 600 675 750 825 900 375 300 375 450 525 600 675 750 825 300 225 300 375 450 525 600 675 750 225 150 225 300 375 450 525 600 675 150 75 150 225 300 375 450 525 600 75 0 75 150 225 300 375 450 525 150 75 150 225 300 375 450 525 600 225 150 225 300 375 450 525 600 675 300 225 300 375 450 525 600 675 750 
525 450 375 450 525 600 675 750 825 450 375 300 375 450 525 600 675 750 375 300 225 300 375 450 525 600 675 300 225 150 225 300 375 450 525 600 225 150 75 150 225 300 375 450 525 150 75 0 75 150 225 300 375 450 225 150 75 150 225 300 375 450 525 300 225 150 225 300 375 450 525 600 375 300 225 300 375 450 525 600 675 
600 525 450 375 450 525 600 675 750 525 450 375 300 375 450 525 600 675 450 375 300 225 300 375 450 525 600 375 300 225 150 225 300 375 450 525 300 225 150 75 150 225 300 375 450 225 150 75 0 75 150 225 300 375 300 225 150 75 150 225 300 375 450 375 300 225 150 225 300 375 450 525 450 375 300 225 300 375 450 525 600 
675 600 525 450 375 450 525 600 675 600 525 450 375 300 375 450 525 600 525 450 375 300 225 300 375 450 525 450 375 300 225 150 225 300 375 450 375 300 225 150 75 150 225 300 375 300 225 150 75 0 75 150 225 300 375 300 225 150 75 150 225 300 375 450 375 300 225 150 225 300 375 450 525 450 375 300 225 300 375 450 525 
750 675 600 525 450 375 450 525 600 675 600 525 450 375 300 375 450 525 600 525 450 375 300 225 300 375 450 525 450 375 300 225 150 225 300 375 450 375 300 225 150 75 150 225 300 375 300 225 150 75 0 75 150 225 450 375 300 225 150 75 150 225 300 525 450 375 300 225 150 225 300 375 600 525 450 375 300 225 300 375 450 
825 750 675 600 525 450 375 450 525 750 675 600 525 450 375 300 375 450 675 600 525 450 375 300 225 300 375 600 525 450 375 300 225 150 225 300 525 450 375 300 225 150 75 150 225 450 375 300 225 150 75 0 75 150 525 450 375 300 225 150 75 150 225 600 525 450 375 300 225 150 225 300 675 600 525 450 375 300 225 300 375 
900 825 750 675 600 525 450 375 450 825 750 675 600 525 450 375 300 375 750 675 600 525 450 375 300 225 300 675 600 525 450 375 300 225 150 225 600 525 450 375 300 225 150 75 150 525 450 375 300 225 150 75 0 75 600 525 450 375 300 225 150 75 150 675 600 525 450 375 300 225 150 225 750 675 600 525 450 375 300 225 300 
975 900 825 750 675 600 525 450 375 900 825 750 675 600 525 450 375 300 825 750 675 600 525 450 375 300 225 750 675 600 525 450 375 300 225 150 675 600 525 450 375 300 225 150 75 600 525 450 375 300 225 150 75 0 675 600 525 450 375 300 225 150 75 750 675 600 525 450 375 300 225 150 825 750 675 600 525 450 375 300 225 
450 525 600 675 750 825 900 975 1050 375 450 525 600 675 750 825 900 975 300 375 450 525 600 675 750 825 900 225 300 375 450 525 600 675 750 825 150 225 300 375 450 525 600 675 750 75 150 225 300 375 450 525 600 675 0 75 150 225 300 375 450 525 600 75 150 225 300 375 450 525 600 675 150 225 300 375 450 525 600 675 750 
525 450 525 600 675 750 825 900 975 450 375 450 525 600 675 750 825 900 375 300 375 450 525 600 675 750 825 300 225 300 375 450 525 600 675 750 225 150 225 300 375 450 525 600 675 150 75 150 225 300 375 450 525 600 75 0 75 150 225 300 375 450 525 150 75 150 225 300 375 450 525 600 225 150 225 300 375 450 525 600 675 
600 525 450 525 600 675 750 825 900 525 450 375 450 525 600 675 750 825 450 375 300 375 450 525 600 675 750 375 300 225 300 375 450 525 600 675 300 225 150 225 300 375 450 525 600 225 150 75 150 225 300 375 450 525 150 75 0 75 150 225 300 375 450 225 150 75 150 225 300 375 450 525 300 225 150 225 300 375 450 525 600 
675 600 525 450 525 600 675 750 825 600 525 450 375 450 525 600 675 750 525 450 375 300 375 450 525 600 675 450 375 300 225 300 375 450 525 600 375 300 225 150 225 300 375 450 525 300 225 150 75 150 225 300 375 450 225 150 75 0 75 150 225 300 375 300 225 150 75 150 225 300 375 450 375 300 225 150 225 300 375 450 525 
750 675 600 525 450 525 600 675 750 675 600 525 450 375 450 525 600 675 600 525 450 375 300 375 450 525 600 525 450 375 300 225 300 375 450 525 450 375 300 225 150 225 300 375 450 375 300 225 150 75 150 225 300 375 300 225 150 75 0 75 150 225 300 375 300 225 150 75 150 225 300 375 450 375 300 225 150 225 300 375 450 
825 750 675 600 525 450 525 600 675 750 675 600 525 450 375 450 525 600 675 600 525 450 375 300 375 450 525 600 525 450 375 300 225 300 375 450 525 450 375 300 225 150 225 300 375 450 375 300 225 150 75 150 225 300 375 300 225 150 75 0 75 150 225 450 375 300 225 150 75 150 225 300 525 450 375 300 225 150 225 300 375 
900 825 750 675 600 525 450 525 600 825 750 675 600 525 450 375 450 525 750 675 600 525 450 375 300 375 450 675 600 525 450 375 300 225 300 375 600 525 450 375 300 225 150 225 300 525 450 375 300 225 150 75 150 225 450 375 300 225 150 75 0 75 150 525 450 375 300 225 150 75 150 225 600 525 450 375 300 225 150 225 300 
975 900 825 750 675 600 525 450 525 900 825 750 675 600 525 450 375 450 825 750 675 600 525 450 375 300 375 750 675 600 525 450 375 300 225 300 675 600 525 450 375 300 225 150 225 600 525 450 375 300 225 150 75 150 525 450 375 300 225 150 75 0 75 600 525 450 375 300 225 150 75 150 675 600 525 450 375 300 225 150 225 
1050 975 900 825 750 675 600 525 450 975 900 825 750 675 600 525 450 375 900 825 750 675 600 525 450 375 300 825 750 675 600 525 450 375 300 225 750 675 600 525 450 375 300 225 150 675 600 525 450 375 300 225 150 75 600 525 450 375 300 225 150 75 0 675 600 525 450 375 300 225 150 75 750 675 600 525 450 375 300 225 150 
525 600 675 750 825 900 975 1050 1125 450 525 600 675 750 825 900 975 1050 375 450 525 600 675 750 825 900 975 300 375 450 525 600 675 750 825 900 225 300 375 450 525 600 675 750 825 150 225 300 375 450 525 600 675 750 75 150 225 300 375 450 525 600 675 0 75 150 225 300 375 450 525 600 75 150 225 300 375 450 525 600 675 
600 525 600 675 750 825 900 975 1050 525 450 525 600 675 750 825 900 975 450 375 450 525 600 675 750 825 900 375 300 375 450 525 600 675 750 825 300 225 300 375 450 525 600 675 750 225 150 225 300 375 450 525 600 675 150 75 150 225 300 375 450 525 600 75 0 75 150 225 300 375 450 525 150 75 150 225 300 375 450 525 600 
675 600 525 600 675 750 825 900 975 600 525 450 525 600 675 750 825 900 525 450 375 450 525 600 675 750 825 450 375 300 375 450 525 600 675 750 375 300 225 300 375 450 525 600 675 300 225 150 225 300 375 450 525 600 225 150 75 150 225 300 375 450 525 150 75 0 75 150 225 300 375 450 225 150 75 150 225 300 375 450 525 
750 675 600 525 600 675 750 825 900 675 600 525 450 525 600 675 750 825 600 525 450 375 450 525 600 675 750 525 450 375 300 375 450 525 600 675 450 375 300 225 300 375 450 525 600 375 300 225 150 225 300 375 450 525 300 225 150 75 150 225 300 375 450 225 150 75 0 75 150 225 300 375 300 225 150 75 150 225 300 375 450 
825 750 675 600 525 600 675 750 825 750 675 600 525 450 525 600 675 750 675 600 525 450 375 450 525 600 675 600 525 450 375 300 375 450 525 600 525 450 375 300 225 300 375 450 525 450 375 300 225 150 225 300 375 450 375 300 225 150 75 150 225 300 375 300 225 150 75 0 75 150 225 300 375 300 225 150 75 150 225 300 375 
900 825 750 675 600 525 600 675 750 825 750 675 600 525 450 525 600 675 750 675 600 525 450 375 450 525 600 675 600 525 450 375 300 375 450 525 600 525 450 375 300 225 300 375 450 525 450 375 300 225 150 225 300 375 450 375 300 225 150 75 150 225 300 375 300 225 150 75 0 75 150 225 450 375 300 225 150 75 150 225 300 
975 900 825 750 675 600 525 600 675 900 825 750 675 600 525 450 525 600 825 750 675 600 525 450 375 450 525 750 675 600 525 450 375 300 375 450 675 600 525 450 375 300 225 300 375 600 525 450 375 300 225 150 225 300 525 450 375 300 225 150 75 150 225 450 375 300 225 150 75 0 75 150 525 450 375 300 225 150 75 150 225 
1050 975 900 825 750 675 600 525 600 975 900 825 750 675 600 525 450 525 900 825 750 675 600 525 450 375 450 825 750 675 600 525 450 375 300 375 750 675 600 525 450 375 300 225 300 675 600 525 450 375 300 225 150 225 600 525 450 375 300 225 150 75 150 525 450 375 300 225 150 75 0 75 600 525 450 375 300 225 150 75 150 
1125 1050 975 900 825 750 675 600 525 1050 975 900 825 750 675 600 525 450 975 900 825 750 675 600 525 450 375 900 825 750 675 600 525 450 375 300 825 750 675 600 525 450 375 300 225 750 675 600 525 450 375 300 225 150 675 600 525 450 375 300 225 150 75 600 525 450 375 300 225 150 75 0 675 600 525 450 375 300 225 150 75 
600 675 750 825 900 975 1050 1125 1200 525 600 675 750 825 900 975 1050 1125 450 525 600 675 750 825 900 975 1050 375 450 525 600 675 750 825 900 975 300 375 450 525 600 675 750 825 900 225 300 375 450 525 600 675 750 825 150 225 300 375 450 525 600 675 750 75 150 225 300 375 450 525 600 675 0 75 150 225 300 375 450 525 600 
675 600 675 750 825 900 975 1050 1125 600 525 600 675 750 825 900 975 1050 525 450 525 600 675 750 825 900 975 450 375 450 525 600 675 750 825 900 375 300 375 450 525 600 675 750 825 300 225 300 375 450 525 600 675 750 225 150 225 300 375 450 525 600 675 150 75 150 225 300 375 450 525 600 75 0 75 150 225 300 375 450 525 
750 675 600 675 750 825 900 975 1050 675 600 525 600 675 750 825 900 975 600 525 450 525 600 675 750 825 900 525 450 375 450 525 600 675 750 825 450 375 300 375 450 525 600 675 750 375 300 225 300 375 450 525 600 675 300 225 150 225 300 375 450 525 600 225 150 75 150 225 300 375 450 525 150 75 0 75 150 225 300 375 450 
825 750 675 600 675 750 825 900 975 750 675 600 525 600 675 750 825 900 675 600 525 450 525 600 675 750 825 600 525 450 375 450 525 600 675 750 525 450 375 300 375 450 525 600 675 450 375 300 225 300 375 450 525 600 375 300 225 150 225 300 375 450 525 300 225 150 75 150 225 300 375 450 225 150 75 0 75 150 225 300 375 
900 825 750 675 600 675 750 825 900 825 750 675 600 525 600 675 750 825 750 675 600 525 450 525 600 675 750 675 600 525 450 375 450 525 600 675 600 525 450 375 300 375 450 525 600 525 450 375 300 225 300 375 450 525 450 375 300 225 150 225 300 375 450 375 300 225 150 75 150 225 300 375 300 225 150 75 0 75 150 225 300 
975 900 825 750 675 600 675 750 825 900 825 750 675 600 525 600 675 750 825 750 675 600 525 450 525 600 675 750 675 600 525 450 375 450 525 600 675 600 525 450 375 300 375 450 525 600 525 450 375 300 225 300 375 450 525 450 375 300 225 150 225 300 375 450 375 300 225 150 75 150 225 300 375 300 225 150 75 0 75 150 225 
1050 975 900 825 750 675 600 675 750 975 900 825 750 675 600 525 600 675 900 825 750 675 600 525 450 525 600 825 750 675 600 525 450 375 450 525 750 675 600 525 450 375 300 375 450 675 600 525 450 375 300 225 300 375 600 525 450 375 300 225 150 225 300 525 450 375 300 225 150 75 150 225 450 375 300 225 150 75 0 75 150 
1125 1050 975 900 825 750 675 600 675 1050 975 900 825 750 675 600 525 600 975 900 825 750 675 600 525 450 525 900 825 750 675 600 525 450 375 450 825 750 675 600 525 450 375 300 375 750 675 600 525 450 375 300 225 300 675 600 525 450 375 300 225 150 225 600 525 450 375 300 225 150 75 150 525 450 375 300 225 150 75 0 75 
1200 1125 1050 975 900 825 750 675 600 1125 1050 975 900 825 750 675 600 525 1050 975 900 825 750 675 600 525 450 975 900 825 750 675 600 525 450 375 900 825 750 675 600 525 450 375 300 825 750 675 600 525 450 375 300 225 750 675 600 525 450 375 300 225 150 675 600 525 450 375 300 225 150 75 600 525 450 375 300 225 150 75 0 
